0
  0.24599         0.24599      0.3085          -0.3085        1.000
  1.40D00
400    
 00000 00001 00002 00003 00004 00005 00006 00010 00011 00012 
 00013 00014 00015 00016 00020 00021 00022 00023 00024 00030
 00031 00032 00033 00040 00041 00042 00043 00050 00051 00052
 00053 00060 00061 00062 00063 00101 00102 00103 00104 00105
 00110 00111 00112 00113 00114 00120 00121 00122 00123 00124
 00130 00131 00132 00133 00140 00141 00142 00150 00151 00152
 00160 00161 00162 00200 00201 00202 00203 00204 00210 00211
 00212 00213 00214 00220 00221 00222 00230 00231 00232 00240
 00241 00242 00300 00301 00302 00303 00304 00305 00310 00311
 00312 00313 00314 00320 00321 00322 00330 00331 00332 00340
 00341 00342 00400 00402 00404 00500 00501 00503 00505 00600
 00602 00604 00606 01000 01001 01002 01003 01004 01010 01011
 01012 01013 01020 01021 01022 01030 01031 01032 01040 01041
 01042 01050 01051 01060 01100 01101 01102 01103 01111 01112
 01113 01120 01121 01122 01130 01131 01132 01140 01141 01142
 01200 01201 01202 01203 01210 01211 01212 01214 01216 01220
 01221 01222 01230 01231 01232 01233 01236 01240 01241 01242
 01244 01250 01251 01252 01254 01256 01300 01302 01304 01310
 01311 01312 01313 01314 01315 01320 01321 01322 01323 01330
 01331 01332 01333 01334 01335 01340 01341 01342 01350 01351
 01352 01400 01402 01404 01411 01413 01424 01525 02000 02001
 02002 02003 02010 02011 02012 02020 02021 02022 02030 02031
 02032 02040 02041 02042 02050 02051 02100 02101 02102 02103
 02110 02111 02112 02113 02114 02120 02121 02122 02124 02130
 02131 02140 02141 02200 02201 02202 02204 02206 02211 02213
 02220 02222 02225 02230 02231 02232 02240 02241 02242 02250
 03000 03001 03002 03003 03010 03011 03012 03020 03021 03022
 03030 03120 03121 03122 03130 03131 03140 03141 03142 03146
 03200 03201 03202 03203 03204 03205 03206 04000 04001 04002
 04003 04004 04022 04031 04040 04141 06060 10000 10001 10002
 10003 10010 10011 10012 10013 10020 10021 10022 10030 10031
 10101 10102 10103 10110 10111 10112 10113 10120 10121 10122
 10130 10131 10132 10200 10201 10202 10210 10211 10212 10220
 10221 10230 10231 10232 10330 10331 10332 11000 11001 11002
 11010 11011 11012 11020 11021 11022 11030 11031 11032 11100
 11101 11102 11103 11110 11111 11112 11120 11121 11130 12000
 12001 12002 12010 12011 12012 12020 12021 12022 12100 12101
 12102 12103 12104 20000 20001 20002 20003 20004 20010 20011
 20012 20020 20021 20022 20100 20101 20102 20110 20111 20112
 20120 20121 20122 21000 21001 21002 21010 21011 21020 21111 
  -2.97        1
00
060 16 16500
  .000000001
 -1.0D0
100 
-1.0D00          1.0D00  
  0  0 50  


0
