0
   .14640          .14640       .0408           -.0408       1.000
  0.7D00                                                                        
500    
 00000 00001 00002 00003 00010 00011 00012 00013 00020 00021
 00022 00023 00030 00031 00032 00033 00100 00101 00102 00103
 00110 00111 00112 00113 00120 00121 00122 00123 00130 00131
 00132 00133 00200 00201 00202 00203 00210 00211 00212 00213
 00220 00221 00222 00223 00230 00231 00232 00233 00300 00301
 00302 00303 00310 00311 00312 00313 00320 00321 00322 00323
 00330 00331 00332 00333 01000 01001 01002 01003 01010 01011
 01012 01013 01020 01021 01022 01023 01030 01031 01032 01033
 01100 01101 01102 01103 01110 01111 01112 01113 01120 01121
 01122 01123 01130 01131 01132 01133 01200 01201 01202 01203
 01210 01211 01212 01213 01220 01221 01222 01223 01230 01231
 01232 01233 01300 01301 01302 01303 01310 01311 01312 01313
 01320 01321 01322 01323 01330 01331 01332 01333 02000 02001
 02002 02003 02010 02011 02012 02013 02020 02021 02022 02023
 02030 02031 02032 02033 02100 02101 02102 02103 02110 02111
 02112 02113 02120 02121 02122 02123 02130 02131 02132 02133
 02200 02201 02202 02203 02210 02211 02212 02213 02220 02221
 02222 02223 02230 02231 02232 02233 02300 02301 02302 02303
 02310 02311 02312 02313 02320 02321 02322 02323 02330 02331
 02332 02333 03000 03001 03002 03003 03010 03011 03012 03013
 03020 03021 03022 03023 03030 03031 03032 03033 03100 03101
 03102 03103 03110 03111 03112 03113 03120 03121 03122 03123
 03130 03131 03132 03133 03200 03201 03202 03203 03210 03211
 03212 03213 03220 03221 03222 03223 03230 03231 03232 03233
 03300 03301 03302 03303 03310 03311 03312 03313 03320 03321
 03322 03323 03330 03331 03332 03333 10000 10001 10002 10010
 10011 10012 10020 10021 10022 10100 10101 10102 10110 10111
 10112 10120 10121 10122 10200 10201 10202 10210 10211 10212
 10220 10221 10222 11000 11001 11002 11010 11011 11012 11020
 11021 11022 11100 11101 11102 11110 11111 11112 11120 11121
 11122 11200 11201 11202 11210 11211 11212 11220 11221 11222
 12000 12001 12002 12010 12011 12012 12020 12021 12022 12100 
 12101 12102 12110 12111 12112 12120 12121 12122 12200 12201 
 12202 12210 12211 12212 12220 12221 12222 20000 20001 20002
 20010 20011 20012 20020 20021 20022 20100 20101 20102 20110
 20111 20112 20120 20121 20122 20200 20201 20202 20210 20211
 20212 20220 20221 20222 21000 21001 21002 21010 21011 21012
 21020 21021 21022 21100 21101 21102 21110 21111 21112 21120
 21121 21122 21200 21201 21202 21210 21211 21212 21220 21221
 21222 22000 22001 22002 22010 22011 22012 22020 22021 22022
 22100 22101 22102 22110 22111 22112 22120 22121 22122 22200
 22201 22202 22210 22211 22212 22220 22221 22222 00400 04000
 30000 30001 30002 30010 30011 30012 30020 30021 30022 30100
 30101 30102 30110 30111 30112 30120 30121 30122 30200 30201
 30202 30210 30211 30212 30220 30221 30222 31000 31001 31002
 31010 31011 31012 31020 31021 31022 31100 31101 31102 31110
 31111 31112 31120 31121 31122 31200 31201 31202 31210 31211
 31212 31220 31221 31222 32000 32001 32002 32010 32011 32012
 32020 32021 32022 32100 32101 32102 32110 32111 32112 32120
 32121 32122 32200 32201 32202 32210 32211 32212 32220 32221
  -2.97        1
00
060 16 16500
  .000000001
 -1.0D0
100 
-1.0D00          1.0D00  
  0  0 50  


0
